0.000000000000000000e+00 2.969242624535956310e+01
1.000000000000000000e+00 2.952306373542453599e+01
2.000000000000000000e+00 2.981949692762603021e+01
3.000000000000000000e+00 3.059874346524487265e+01
4.000000000000000000e+00 3.004332764650409260e+01
5.000000000000000000e+00 3.058400442958839349e+01
6.000000000000000000e+00 3.037776192225453542e+01
7.000000000000000000e+00 3.000077107288058187e+01
8.000000000000000000e+00 2.950997693947440936e+01
9.000000000000000000e+00 3.012439786341764858e+01
1.000000000000000000e+01 3.015667972994582868e+01
1.100000000000000000e+01 2.974204488608765118e+01
1.200000000000000000e+01 2.973917350890001288e+01
1.300000000000000000e+01 2.996883452843445994e+01
1.400000000000000000e+01 3.043931219081715156e+01
1.500000000000000000e+01 2.969987558715879317e+01
1.600000000000000000e+01 3.005788070362807574e+01
1.700000000000000000e+01 2.972851409545184254e+01
1.800000000000000000e+01 3.088081218977512776e+01
1.900000000000000000e+01 2.887134278533210718e+01
2.000000000000000000e+01 3.111946267812486511e+01
2.100000000000000000e+01 2.873858890190999560e+01
2.200000000000000000e+01 3.026749595045331631e+01
2.300000000000000000e+01 3.001788963528616350e+01
2.400000000000000000e+01 3.038816939326621025e+01
2.500000000000000000e+01 2.991927737597253412e+01
2.600000000000000000e+01 3.044232460504120397e+01
2.700000000000000000e+01 3.005278087717549340e+01
2.800000000000000000e+01 2.911880827324925036e+01
2.900000000000000000e+01 2.943001940557973484e+01
3.000000000000000000e+01 2.989357566226853535e+01
3.100000000000000000e+01 3.044637703291841646e+01
3.200000000000000000e+01 2.971148632480007379e+01
3.300000000000000000e+01 2.993734765296179745e+01
3.400000000000000000e+01 2.982445378603555142e+01
3.500000000000000000e+01 2.976848015214447329e+01
3.600000000000000000e+01 2.965185524340270007e+01
3.700000000000000000e+01 3.111543672964685925e+01
3.800000000000000000e+01 2.943192992096569327e+01
3.900000000000000000e+01 2.998528249582418326e+01
4.000000000000000000e+01 3.002800823455210733e+01
4.100000000000000000e+01 2.939110712348437104e+01
4.200000000000000000e+01 2.957191404610509267e+01
4.300000000000000000e+01 2.902787067396241838e+01
4.400000000000000000e+01 3.008802549084429145e+01
4.500000000000000000e+01 2.988267560490278640e+01
4.600000000000000000e+01 2.993452297793216133e+01
4.700000000000000000e+01 3.082319401758368471e+01
4.800000000000000000e+01 2.931810466596980191e+01
4.900000000000000000e+01 3.045957389245672431e+01
5.000000000000000000e+01 3.060045469811293017e+01
5.100000000000000000e+01 2.987880255114498951e+01
5.200000000000000000e+01 2.957408962220002380e+01
5.300000000000000000e+01 3.045540891782812665e+01
5.400000000000000000e+01 3.058923739763066862e+01
5.500000000000000000e+01 2.959555395880999029e+01
5.600000000000000000e+01 2.976594105665577317e+01
5.700000000000000000e+01 3.051890130057279649e+01
5.800000000000000000e+01 3.023224081707818911e+01
5.900000000000000000e+01 2.906929502152427958e+01
6.000000000000000000e+01 3.008482819499900884e+01
6.100000000000000000e+01 3.063399495650493876e+01
6.200000000000000000e+01 2.901555162036160596e+01
6.300000000000000000e+01 2.954557134577026289e+01
6.400000000000000000e+01 2.992061969873471128e+01
6.500000000000000000e+01 9.321796147486633544e+00
6.600000000000000000e+01 9.891131725324575186e+00
6.700000000000000000e+01 1.104739257279849873e+01
6.800000000000000000e+01 9.702140873446598590e+00
6.900000000000000000e+01 9.345743563197210335e+00
7.000000000000000000e+01 9.416256675148392929e+00
7.100000000000000000e+01 9.744940922461990951e+00
7.200000000000000000e+01 9.806430390042578438e+00
7.300000000000000000e+01 9.837029951330933386e+00
7.400000000000000000e+01 9.938552230040386348e+00
7.500000000000000000e+01 1.040151284193520631e+01
7.600000000000000000e+01 1.037285742792293064e+01
7.700000000000000000e+01 9.275182660788761524e+00
7.800000000000000000e+01 1.083024881266445760e+01
7.900000000000000000e+01 1.029918231609079982e+01
8.000000000000000000e+01 9.505876295239692908e+00
8.100000000000000000e+01 9.747944718542283837e+00
8.200000000000000000e+01 1.029582243485677573e+01
8.300000000000000000e+01 1.087549239068997942e+01
8.400000000000000000e+01 9.725738728919541387e+00
8.500000000000000000e+01 9.138361014108870251e+00
8.600000000000000000e+01 9.684809500725414466e+00
8.700000000000000000e+01 9.514816088163453145e+00
8.800000000000000000e+01 1.066887874699344430e+01
8.900000000000000000e+01 9.452861935360925116e+00
9.000000000000000000e+01 9.815060462906638250e+00
9.100000000000000000e+01 9.638570869096007243e+00
9.200000000000000000e+01 1.027981485306149168e+01
9.300000000000000000e+01 9.662461450050383149e+00
9.400000000000000000e+01 1.008546925381709869e+01
9.500000000000000000e+01 9.091688343379727755e+00
9.600000000000000000e+01 9.959401724305799064e+00
9.700000000000000000e+01 1.056962700888521134e+01
9.800000000000000000e+01 9.432933465362626890e+00
9.900000000000000000e+01 1.087000433636626973e+01
1.000000000000000000e+02 1.058253535825035030e+01
1.010000000000000000e+02 9.811731359203921699e+00
1.020000000000000000e+02 1.080419554528499049e+01
1.030000000000000000e+02 8.982637081103700183e+00
1.040000000000000000e+02 9.152625968258304212e+00
1.050000000000000000e+02 1.000192192239884470e+01
1.060000000000000000e+02 9.521734757814868999e+00
1.070000000000000000e+02 9.047122071120659470e+00
1.080000000000000000e+02 1.028689571114669477e+01
1.090000000000000000e+02 1.001150575048539970e+01
1.100000000000000000e+02 9.129966138766832273e+00
1.110000000000000000e+02 9.649622455894876438e+00
1.120000000000000000e+02 9.913427668439791063e+00
1.130000000000000000e+02 1.017231296910128435e+01
1.140000000000000000e+02 1.035913786197714792e+01
1.150000000000000000e+02 9.606189133692872417e+00
1.160000000000000000e+02 1.035168474632707181e+01
1.170000000000000000e+02 1.033759809984424294e+01
1.180000000000000000e+02 9.833482982676223116e+00
1.190000000000000000e+02 1.025708974009252650e+01
1.200000000000000000e+02 1.039542186139244961e+01
1.210000000000000000e+02 1.050254290290719084e+01
1.220000000000000000e+02 9.661823570807051453e+00
1.230000000000000000e+02 1.031312773017319451e+01
1.240000000000000000e+02 1.033361988605452098e+01
1.250000000000000000e+02 1.071969143637354271e+01
1.260000000000000000e+02 1.067511767694077385e+01
1.270000000000000000e+02 9.305673516406157475e+00
1.280000000000000000e+02 8.971462080231079383e+00
1.290000000000000000e+02 9.793906415246242503e+00
1.300000000000000000e+02 1.049687339575046785e+01
1.310000000000000000e+02 9.976095953914841274e+00
1.320000000000000000e+02 1.000403213816091785e+01
1.330000000000000000e+02 1.050741029930800785e+01
1.340000000000000000e+02 9.849736750211627978e+00
1.350000000000000000e+02 9.797007881979274302e+00
1.360000000000000000e+02 3.060054296455471601e+01
1.370000000000000000e+02 3.056413969052992030e+01
1.380000000000000000e+02 2.995957383242160077e+01
1.390000000000000000e+02 3.021477661630909139e+01
1.400000000000000000e+02 3.079700568370656910e+01
1.410000000000000000e+02 3.003774315244813309e+01
1.420000000000000000e+02 3.058634396625313911e+01
1.430000000000000000e+02 3.006842633485562644e+01
1.440000000000000000e+02 3.047123255676824982e+01
1.450000000000000000e+02 2.978327478711626597e+01
1.460000000000000000e+02 2.947501731642782019e+01
1.470000000000000000e+02 2.970164722950526581e+01
1.480000000000000000e+02 2.957284749766551357e+01
1.490000000000000000e+02 2.968443967405870865e+01
1.500000000000000000e+02 2.962309965789395250e+01
1.510000000000000000e+02 2.960924513190301965e+01
1.520000000000000000e+02 3.012021982154709221e+01
1.530000000000000000e+02 3.072999700541104318e+01
1.540000000000000000e+02 3.015515080353639377e+01
1.550000000000000000e+02 2.943515399522882703e+01
1.560000000000000000e+02 2.970083998501081624e+01
1.570000000000000000e+02 2.989796693722933441e+01
1.580000000000000000e+02 3.056822489846891244e+01
1.590000000000000000e+02 2.952819675956110856e+01
1.600000000000000000e+02 2.968126630839410041e+01
1.610000000000000000e+02 3.090930301584774398e+01
1.620000000000000000e+02 3.053259401886093727e+01
1.630000000000000000e+02 3.059387639583718155e+01
1.640000000000000000e+02 2.938641546811381744e+01
1.650000000000000000e+02 3.002995552192787798e+01
1.660000000000000000e+02 2.997340411812719552e+01
1.670000000000000000e+02 2.978366448543753009e+01
1.680000000000000000e+02 2.958223069996263277e+01
1.690000000000000000e+02 3.031003136350724247e+01
1.700000000000000000e+02 3.061749326114437508e+01
1.710000000000000000e+02 2.982239114080538300e+01
1.720000000000000000e+02 2.973160158228740002e+01
1.730000000000000000e+02 3.042767745461705431e+01
1.740000000000000000e+02 2.955488369942787941e+01
1.750000000000000000e+02 3.060170432559346665e+01
1.760000000000000000e+02 2.977682185699749695e+01
1.770000000000000000e+02 2.945214074542558080e+01
1.780000000000000000e+02 3.033149617414882826e+01
1.790000000000000000e+02 3.094523993865213995e+01
1.800000000000000000e+02 3.049853779296316247e+01
1.810000000000000000e+02 3.008109586219601539e+01
1.820000000000000000e+02 2.984298316961342223e+01
1.830000000000000000e+02 2.926035996283268403e+01
1.840000000000000000e+02 2.978666616567903702e+01
1.850000000000000000e+02 2.924590752877190170e+01
1.860000000000000000e+02 3.003049631458309676e+01
1.870000000000000000e+02 3.038908603104119521e+01
1.880000000000000000e+02 2.826187768781191423e+01
1.890000000000000000e+02 3.098905111910177013e+01
1.900000000000000000e+02 3.081283255735294446e+01
1.910000000000000000e+02 3.012908048211696865e+01
1.920000000000000000e+02 3.050706007560344801e+01
1.930000000000000000e+02 2.945808422264348536e+01
1.940000000000000000e+02 3.004091349654747845e+01
1.950000000000000000e+02 3.023146947184593003e+01
1.960000000000000000e+02 3.031506243717329596e+01
1.970000000000000000e+02 3.001712673487116945e+01
1.980000000000000000e+02 2.990174435092489702e+01
1.990000000000000000e+02 2.921349307188309297e+01
